26.45946745639766
26.4538377343518
26.425533077935384
26.19064762199572
26.289862231205788
26.26454408198675
26.509625730580858
26.31824969358762
26.462590055231377
26.6066331096963
26.535480913562363
26.254240821895035
26.592065938282868
26.59609061365502
26.451761679776464
26.563021204140398
26.44057513185813
26.325164572492326
26.61035543030913
26.62089619199901
26.335489553688724
26.358906303426856
26.485443323364855
26.518296238977836
26.673397150416616
26.542734040856992
26.26153956582946
26.33660983436676
26.48048027103029
26.444731699183613
