0.4475382445971927
0.3361063658859815
0.1953412091710439
0.46218577238092395
0.2948657649437518
0.4670290670678594
0.39669848025070814
0.28107648954948106
0.3394903203982949
0.49654755824523816
0.2211671665519357
0.21127883413763013
0.2977403255684206
0.37030156126069946
0.4133112348108028
0.2761640125059235
0.4753915510702578
0.41454627581441506
0.6413647440745057
0.5502123177233693
0.4128053939424967
0.3532203063485596
0.2658350380829341
0.2984101850942876
0.247623032357278
0.4260954409668367
0.45075010637816343
0.4262713229651137
0.4602749764630458
0.41890200083839524
