26.04857043707404
25.756041145648787
26.041326772047917
25.749524752959285
25.761677306690498
25.71527524504411
26.094903241683166
25.58577682943138
25.94609386471542
25.879538768553456
26.120538322649256
25.545248038746667
26.102805078748226
25.73386807374874
25.97570466512594
25.774395959937845
25.93443691352147
26.021341211976367
26.179912709641354
26.027917921929443
26.02068006076305
26.138716176573567
25.59532666402536
25.85690956692759
26.12887599584204
25.563471586009516
26.069353993402895
25.950196986495335
25.904890424528435
25.949017595595972
