26.462404647894544
26.47597699913829
26.44035425833792
26.382886838632526
26.488307450902603
26.295218885651707
26.471710790781064
26.382806410249742
26.467907441460508
26.41155325584219
26.52408929647166
26.51572296682559
26.43901336989589
26.415912895041934
26.45010118606662
26.326563072383625
26.387405196468553
26.39738055548553
26.264027343493645
26.355015073128882
26.268558049024726
26.384528260107643
26.435072064259202
26.405726457823185
26.51264473404823
26.466603764517686
26.366638645136895
26.48376570928115
26.364061816589654
26.44012041578912
