1767.08
1834.63
1978.8200000000002
2148.69
2190.05
2215.43
2221.6
2305.43
2461.17
2524.42
2557.3199999999997
2640.48
2750.4700000000003
2795.7799999999997
2884.39
2971.07
3059.88
3393.89
3488.55
3490.42
3514.25
3786.66
3898.2200000000003
4165.89
4457.67
4944.4
5082.86
5086.74
5230.24
5275.4400000000005
5337.73
5480.9
5581.46
5646.86
5755.36
5840.28
6131.36
6205.46
6345.17
6407.59
6529.73
6947.99
7036.98
7040.02
7150.63
7192.98
7218.55
7242.01
7722.74
7792.6
7989.55
8093.82
8146.71
8218.03
8310.04
8473.7
8507.22
8880.46
9074.2
9308.32
9320.6
9328.8
9443.53
9510.42
9597.39
9614.51
9631.44
9639.34
9684.82
9805.23
10157.12
10166.35
10222.98
10665.22
10691.11
10716.02
10754.17
10829.0
11149.59
11253.2
11414.67
