132.02
526.07
527.56
572.4
599.82
713.95
961.88
979.24
1006.46
1024.47
1188.79
1249.17
1385.24
1396.2
1572.59
1683.81
1822.2
1940.78
2005.27
2347.35
2357.27
2381.09
2443.7200000000003
2664.46
2929.09
2969.52
3163.02
3280.0299999999997
3352.04
3466.43
3478.1
3832.14
3891.24
3909.8599999999997
4212.07
4449.04
4591.36
4846.0599999999995
4849.05
4862.63
4937.61
5171.74
5215.97
5263.1
5331.83
5733.89
6201.96
6203.86
6281.36
6334.65
6418.61
6547.74
6793.29
6833.96
6868.46
6873.86
7105.14
7207.63
7259.57
7638.09
7661.68
7694.3
7731.74
7866.63
8001.35
8069.54
8180.23
8309.92
8336.21
8365.34
9258.21
9283.66
9361.26
9413.84
9525.05
9685.19
9718.05
9907.869999999999
9913.68
9994.44
10027.36
407.31
547.19
570.35
582.18
693.06
811.28
813.5
843.96
845.29
885.03
1122.69
1235.28
1344.12
1370.7
1653.8899999999999
2086.95
2246.21
2344.2
2388.42
2563.46
2582.4
2684.33
2741.75
2762.8599999999997
3121.63
3174.08
3392.71
3436.77
3458.4
3534.71
3589.24
3674.7799999999997
3986.05
4036.08
4128.04
4753.04
4824.46
4866.34
4925.16
4955.6
4973.76
5039.77
5048.01
5202.82
5368.08
5508.8099999999995
5905.04
5974.11
6439.6
6547.73
6597.63
6628.12
6701.39
6802.35
6863.18
7134.83
7173.16
7261.45
7431.04
7821.23
7827.63
7904.3099999999995
8019.84
8080.46
8252.09
8284.14
8299.91
8369.4
8406.58
8511.22
8910.93
9155.61
9242.57
9491.31
9602.65
9614.92
9680.43
9746.78
9884.1
9975.07
10079.36
561.68
588.23
599.76
604.69
916.88
974.32
1021.79
1054.98
1194.35
1231.59
1265.16
1322.68
1370.7
1399.84
1609.12
1963.35
2116.18
2290.82
2317.18
2446.59
2470.81
2503.6800000000003
2563.8900000000003
2785.44
3041.48
3259.19
3272.29
3360.61
3401.37
3560.46
3652.96
3749.41
3793.2
3944.01
4259.4400000000005
4598.14
4827.48
4896.85
5100.08
5165.43
5203.71
5206.03
5330.73
5339.96
5367.15
5513.07
6270.74
6371.88
6419.92
6505.43
6616.78
6775.78
6895.18
6995.32
7049.85
7063.66
7181.71
7288.37
7324.13
7718.29
7958.65
8037.77
8039.37
8048.72
8105.1
8138.2
8213.43
8250.34
8277.45
8297.57
9124.33
9135.38
9171.75
9204.73
9210.27
9224.21
9308.52
9562.27
9623.78
9913.39
9999.1
98.36
404.91
512.65
562.38
615.4
691.6
755.93
761.02
897.64
949.61
1132.92
1159.09
1221.4
1355.29
1450.7
1480.47
1862.22
1896.55
1941.56
2033.7
2113.2200000000003
2492.62
2521.74
2809.05
3068.8
3180.81
3288.85
3507.7799999999997
3530.49
3606.25
3646.25
3657.75
3678.99
3831.59
4094.31
4619.72
4654.64
4680.04
4698.94
4790.34
4892.63
4947.65
5009.63
5017.23
5496.26
5561.58
5879.27
6014.68
6055.73
6132.39
6253.35
6408.97
6469.82
6492.88
6522.91
6736.71
6992.37
7324.02
7535.87
7632.31
7867.57
7953.85
7958.1
8029.78
8099.76
8133.6
8259.48
8301.71
8430.65
8582.07
8690.89
8873.09
8960.95
9225.39
9234.75
9411.96
9460.76
9460.84
9740.51
9767.29
9791.14
23.92
185.49
211.89
218.84
484.55
672.86
686.15
804.27
807.68
984.73
1057.25
1070.81
1244.89
1381.23
1728.45
2035.04
2183.3
2220.9
2404.0299999999997
2408.06
2408.21
2583.19
2589.9700000000003
2786.3599999999997
2986.63
3232.9
3405.7200000000003
3478.29
3682.51
3714.63
3880.18
3902.33
4098.78
4159.59
4267.87
4422.76
4653.12
4791.27
4868.27
4931.22
5081.29
5228.8099999999995
5317.34
5378.87
5407.13
5673.78
5769.31
5947.86
6096.3
6348.51
6414.99
6428.12
6455.15
6527.2
6653.9400000000005
6744.18
6836.43
7712.28
7759.35
7829.38
7917.55
7950.96
7969.35
7978.74
8079.13
8193.51
8200.31
8259.69
8281.03
8601.75
8667.78
9088.88
9167.56
9216.42
9247.24
9413.57
9442.66
9624.81
9636.45
9694.91
9847.07
24.54
77.17
542.09
574.84
676.46
753.05
762.19
763.14
764.2
846.03
862.94
1105.52
1165.43
1210.76
1926.83
2022.33
2180.2
2213.76
2250.43
2257.91
2297.7200000000003
2307.41
2627.8900000000003
2832.66
2921.96
2955.19
3411.36
3430.4
3580.34
3676.61
3873.15
3896.7799999999997
3902.16
4028.54
4120.26
4798.69
4845.04
5017.78
5036.24
5188.71
5332.8099999999995
5383.0
5404.54
5431.0
5616.93
5750.87
5870.62
5979.67
6111.97
6241.36
6367.54
6472.78
6482.54
6654.74
6674.6
6732.29
7064.28
7417.12
7516.6
7659.89
7733.21
7820.13
7885.98
7896.9400000000005
8149.4
8160.89
8350.6
8415.880000000001
8581.49
8585.92
8766.15
9273.78
9362.84
9438.45
9460.64
9485.82
9491.8
9508.31
9599.77
9836.66
10036.4
101.23
475.83
484.07
488.76
549.65
579.82
743.1
918.93
928.19
941.4
952.8
1137.41
1306.41
1315.84
1555.55
1790.76
1904.98
1946.24
2111.07
2304.5
2336.02
2425.16
2479.21
2640.17
3032.77
3128.52
3269.15
3520.79
3558.9
3635.76
3685.33
3858.12
4123.7
4181.14
4230.68
4616.94
4706.54
4956.88
5161.07
5222.07
5372.34
5385.21
5390.67
5504.38
5526.4
5527.4
5883.19
5982.24
6067.81
6303.05
6356.84
6394.3
6773.12
6807.32
6914.01
7040.92
7073.45
7316.94
7320.32
7339.82
7626.55
7850.39
7877.58
8011.79
8024.36
8261.78
8445.43
8493.96
8567.97
8631.16
8755.39
9016.87
9052.18
9198.14
9230.42
9284.94
9470.77
9514.91
9772.39
9867.02
10056.54
572.98
631.2
767.58
823.45
1031.11
1034.81
1100.86
1107.04
1131.65
1143.65
1189.42
1269.12
1310.22
1365.42
1593.72
2142.43
2169.91
2231.17
2311.27
2371.94
2419.26
2584.8
2701.8
2879.75
2885.97
3295.41
3427.76
3530.42
3544.24
3627.09
3779.64
3893.85
3984.84
3987.8199999999997
4102.97
4475.13
4707.72
4773.86
4902.24
5141.67
5153.03
5254.47
5267.68
5424.07
5445.28
5656.26
5899.19
6152.31
6271.48
6511.77
6574.0
6611.3
6758.67
6784.98
7003.23
7076.89
7146.05
7629.49
7767.45
7866.46
7878.83
8053.11
8187.63
8264.380000000001
8265.130000000001
8331.29
8349.1
8361.68
8485.81
8550.95
8847.2
9339.32
9400.87
9401.98
9427.5
9431.41
9468.98
9489.29
9494.77
9988.47
10046.43
