404.27
480.89
566.09
642.67
807.2
930.88
960.07
1189.58
1207.04
1252.09
1266.09
1316.24
1404.11
1422.69
1572.7
1878.49
1895.97
1910.84
2092.95
2192.88
2448.29
2482.46
2648.2
2765.9700000000003
3177.6
3246.82
3274.02
3400.68
3434.4700000000003
3538.86
3613.1
3672.4700000000003
3679.13
3871.45
4068.2
4349.82
4651.75
4897.27
4981.67
5000.22
5127.27
5220.32
5312.32
5384.67
5410.52
5434.59
5767.83
5776.39
5790.19
5925.65
6063.65
6436.65
6610.08
7019.58
7076.09
7084.9400000000005
7160.1900000000005
7335.04
7443.51
7513.15
7934.05
8077.64
8119.41
8129.43
8240.41
8240.42
8247.67
8260.51
8456.06
8484.99
8816.91
9142.63
9184.78
9462.04
9535.08
9641.6
9739.22
9800.09
9858.57
9969.72
9970.07
