133.03
248.92
488.31
549.99
631.11
649.14
704.56
805.57
957.88
1009.09
1106.81
1107.05
1218.73
1404.09
1496.96
1621.97
1751.83
1887.83
2048.38
2051.05
2073.96
2491.29
2561.34
2864.0
2914.47
2948.44
3010.44
3502.11
3555.4
3629.07
3690.5
3803.46
3912.7799999999997
4108.1
4195.1
4326.81
4717.64
4748.58
4920.59
4992.45
5065.97
5146.95
5166.62
5227.04
5373.4
5522.24
5772.31
6074.2
6308.25
6361.12
6696.33
6776.78
6790.23
6827.13
6938.59
6992.72
7145.13
7580.35
7818.93
7897.33
7924.2
8022.33
8130.91
8145.07
8204.5
8298.92
8408.53
8488.5
8505.8
8553.76
8827.34
9077.09
9087.5
9098.35
9201.35
9235.99
9267.96
9433.48
9458.27
9630.56
9806.17
10085.15
10418.86
10474.17
10643.0
10677.86
10704.09
10719.86
10741.56
10752.07
10765.14
10965.65
11041.96
11215.119999999999
11351.23
11542.98
11648.53
11810.34
11906.99
12113.92
12229.45
12371.17
12516.85
12535.4
12700.35
13324.47
13529.23
13627.5
13659.98
13765.84
13909.9
13980.87
13991.5
14011.34
14087.65
14292.2
14413.66
14594.03
14764.4
14995.23
15032.51
15139.25
15160.95
15234.58
15660.25
15740.78
15743.1
15851.15
16092.89
16368.28
16628.47
16696.44
16834.36
16896.56
16962.36
16997.36
17060.68
17097.51
17542.15
17921.76
17929.91
17942.08
17942.41
17989.73
18053.47
18095.05
18098.46
18129.85
18338.91
18504.03
18618.47
18924.48
19252.24
19350.74
19359.17
19369.08
19379.65
19515.26
19619.96
19641.99
19835.88
20046.58
20195.38
20218.94
20605.05
20663.41
20757.32
20894.8
20962.23
21035.77
21095.35
21105.63
21270.38
21339.1
21484.85
21561.88
21974.32
22047.18
22490.07
22522.94
22550.38
22722.38
22842.83
22912.63
22925.85
23028.68
23290.13
23364.19
23620.9
23747.09
23761.68
23794.52
23808.5
23973.94
24110.5
24121.31
24260.3
24505.3
24605.04
24930.47
25051.17
25074.24
25099.99
25100.17
25600.12
25613.36
25620.59
25694.91
26400.09
26564.17
26613.16
26856.66
26939.89
26967.42
27121.23
27216.82
27245.57
27247.62
27282.62
27435.74
27590.79
27705.99
27959.3
27964.91
28138.54
28285.07
28307.47
28337.01
28369.46
28451.67
28656.43
28693.51
28924.7
28973.6
29274.96
29362.66
29391.94
29404.55
29536.61
29580.55
29689.09
29706.05
30053.47
30506.79
30543.72
30812.83
30864.37
30870.09
30968.73
31108.4
31204.8
31282.96
31333.11
31351.22
31519.99
31524.74
31600.27
31712.31
32138.34
32264.11
32357.96
32417.74
32538.17
32572.71
32631.69
32689.29
32765.87
33244.76
33246.9
33429.68
33549.48
33631.14
33793.95
34027.23
34073.34
34080.27
34102.97
34507.97
34912.05
34966.97
35149.69
35211.2
35231.19
35469.87
35484.23
35484.58
35607.15
35639.63
35950.23
36489.26
36549.01
36566.41
36579.41
36672.43
36795.84
36935.62
36954.25
36971.21
37251.32
37267.84
37656.61
38061.52
38110.17
38185.44
38204.01
38299.1
38351.29
38354.08
38439.61
38508.43
38533.7
38626.02
38801.97
38943.49
39072.11
39267.99
39479.0
39683.47
39796.13
39859.22
39873.25
40134.39
40138.79
40139.28
40807.12
40883.3
40990.41
40994.6
41004.31
41015.95
41038.36
41084.9
41100.2
41152.11
41154.16
41321.13
41719.1
41756.75
41771.18
42142.42
42273.36
42302.49
42353.91
42470.35
42630.25
42935.67
42976.11
42983.25
43700.58
43784.45
43880.12
43889.9
44026.1
44070.6
44131.19
44139.69
44164.55
44254.4
44522.92
44646.73
45079.56
45117.5
45187.89
45311.69
45610.81
45717.74
45846.75
45909.03
45954.0
45983.85
46112.72
46126.53
46694.41
46694.99
46731.31
46735.33
46823.04
46874.87
47091.81
47160.93
47456.84
47791.93
48147.24
48243.23
48316.6
48338.74
48370.48
48477.47
48498.35
48525.84
48650.53
48651.45
48710.18
48854.32
49297.92
49538.26
49666.06
49782.18
49806.33
49823.49
49825.35
49863.0
50037.46
50144.89
50162.35
50720.65
50738.41
51073.35
51081.73
51112.97
51252.88
51282.95
51342.61
51512.82
51558.19
51575.78
51606.3
51710.61
51791.82
52379.04
52395.62
52458.4
52594.8
52603.12
52662.95
52774.98
52880.68
53016.92
53081.93
53418.59
53683.76
53690.91
53701.54
53857.64
54004.19
54146.83
54255.49
54315.65
54449.49
54650.27
54816.27
54914.66
55122.94
55232.65
55312.98
55360.03
55416.91
55803.4
55880.02
55894.41
55939.52
56363.56
56475.99
56700.79
56929.35
56997.56
57004.78
57072.51
57194.63
57408.16
57483.25
57510.54
57666.62
58022.12
58133.26
58236.51
58294.05
58393.01
58486.59
58754.17
58762.24
58796.93
58941.93
59017.93
59030.35
59655.08
59662.67
59920.44
59930.23
60112.82
60147.83
60269.36
60278.03
60280.69
60326.58
60412.74
60527.99
60676.97
60831.82
60995.48
61059.24
61216.52
61230.52
61300.14
61502.95
61508.05
61517.34
61685.52
61739.86
61754.81
61963.88
61969.36
62014.75
62386.0
62953.51
62974.72
63110.42
63204.24
63245.18
63250.39
63367.37
63428.09
63899.39
64010.45
64080.27
64097.56
64286.3
64409.53
64493.53
64608.21
64777.39
65276.07
65278.16
65308.53
65336.23
65415.25
65421.41
65464.0
65513.09
65662.72
65672.2
66111.69
66241.49
66474.22
66622.27
66813.51
66823.9
66834.2
66879.82
66880.17
66905.97
67166.54
67271.7
67912.6
68051.17
68213.15
68444.59
68448.82
68464.26
68478.23
68558.84
68762.03
68872.6
68912.68
68980.6
69044.36
69260.4
69262.94
69463.86
69708.84
69710.96
69801.06
69831.2
69911.95
69920.09
70133.15
70270.58
71076.93
71175.11
71266.52
71389.82
71473.89
71486.88
71561.11
71599.07
71601.88
71743.89
71803.5
71918.04
71938.5
71971.97
72165.46
72215.02
72370.79
72482.26
72525.56
72533.32
72974.67
72978.78
72998.26
73269.74
73462.98
73645.05
73705.3
73858.72
73954.33
73956.8
74131.86
74295.84
74463.27
74743.61
74777.22
74880.18
74945.62
75005.97
75322.69
75385.87
75429.18
75798.6
75841.73
75905.5
75914.27
76077.29
76388.62
76818.61
76946.58
77100.38
77126.35
77142.93
77172.5
77383.71
77487.08
77518.57
77727.5
77840.75
78079.49
78159.47
78195.11
78249.43
78259.48
78334.71
78418.29
78440.25
78489.87
78496.09
78814.74
79005.99
79691.03
79826.76
79870.98
79898.6
79963.43
80052.91
80089.62
80104.47
80354.36
80503.56
80505.22
